+---------------------------------------------------------------------------------------------------------------------------------------------------------------------------------------------------------------------------------------+
; Legal Partition Candidates                                                                                                                                                                                                            ;
+----------------------------------+-------+----------------+--------------+----------------+--------+-----------------+---------------+-----------------+-------+----------------+--------------+------------------+-------------------+
; Hierarchy                        ; Input ; Constant Input ; Unused Input ; Floating Input ; Output ; Constant Output ; Unused Output ; Floating Output ; Bidir ; Constant Bidir ; Unused Bidir ; Input only Bidir ; Output only Bidir ;
+----------------------------------+-------+----------------+--------------+----------------+--------+-----------------+---------------+-----------------+-------+----------------+--------------+------------------+-------------------+
; Timer_Controller_1               ; 61    ; 321            ; 0            ; 321            ; 370    ; 321             ; 321           ; 321             ; 0     ; 0              ; 0            ; 0                ; 0                 ;
; Endat_Firmware_Controller_Baud_1 ; 14    ; 324            ; 0            ; 324            ; 322    ; 324             ; 324           ; 324             ; 0     ; 0              ; 0            ; 0                ; 0                 ;
; Main_Mux_1                       ; 1291  ; 336            ; 10           ; 336            ; 326    ; 336             ; 336           ; 336             ; 0     ; 0              ; 0            ; 0                ; 0                 ;
; Main_Demux_1|u1                  ; 4     ; 1              ; 0            ; 1              ; 9      ; 1               ; 1             ; 1               ; 0     ; 0              ; 0            ; 0                ; 0                 ;
; Main_Demux_1                     ; 3     ; 323            ; 0            ; 323            ; 452    ; 323             ; 323           ; 323             ; 0     ; 0              ; 0            ; 0                ; 0                 ;
; SPI_Analog_Handler_1             ; 29    ; 321            ; 0            ; 321            ; 1098   ; 321             ; 321           ; 321             ; 0     ; 0              ; 0            ; 0                ; 0                 ;
; SPI_Analog_Driver_1              ; 20    ; 322            ; 0            ; 322            ; 345    ; 322             ; 322           ; 322             ; 0     ; 0              ; 0            ; 0                ; 0                 ;
; SPI_Output_Handler_1             ; 94    ; 385            ; 9            ; 385            ; 404    ; 385             ; 385           ; 385             ; 0     ; 0              ; 0            ; 0                ; 0                 ;
; SPI_Out_1                        ; 30    ; 337            ; 0            ; 337            ; 343    ; 337             ; 337           ; 337             ; 0     ; 0              ; 0            ; 0                ; 0                 ;
; SPI_Input_Handler_1              ; 31    ; 335            ; 10           ; 335            ; 404    ; 335             ; 335           ; 335             ; 0     ; 0              ; 0            ; 0                ; 0                 ;
; SPI_In_1                         ; 30    ; 322            ; 0            ; 322            ; 343    ; 322             ; 322           ; 322             ; 0     ; 0              ; 0            ; 0                ; 0                 ;
; Ver_Reg_1                        ; 2     ; 112            ; 0            ; 112            ; 112    ; 112             ; 112           ; 112             ; 0     ; 0              ; 0            ; 0                ; 0                 ;
+----------------------------------+-------+----------------+--------------+----------------+--------+-----------------+---------------+-----------------+-------+----------------+--------------+------------------+-------------------+
